# Result of Memoryos on LME

| metrics | Overall | Single Session User | Knowledge Update | Single Session Assistant | Multi Session | Temporal Reasoning | Single Session Preference |
|---------|---------|-------------------|------------------|------------------------|---------------|-------------------|---------------------------|
| llm_judge_score | 57.5 | 42.1 | 41.9 | 61.5 | 87.1 | 46.7 | 94.0 |
| llm_judge_std | 0.002 | 0.000 | 0.007 | 0.000 | 0.000 | 0.000 | 0.008 |
| f1 | 47.1 | 77.8 | 50.8 | 68.9 | 36.0 | 37.6 | 16.3 |
| rouge1_f | 48.7 | 77.5 | 53.1 | 74.5 | 35.8 | 40.9 | 13.1 |
| rouge2_f | 23.0 | 44.2 | 20.5 | 44.1 | 8.9 | 23.1 | 2.5 |
| rougeL_f | 47.9 | 76.8 | 52.7 | 74.3 | 35.2 | 40.1 | 9.0 |
| bleu1 | 39.5 | 71.3 | 44.0 | 57.9 | 31.8 | 27.5 | 6.2 |
| bleu2 | 28.7 | 52.1 | 28.6 | 42.7 | 25.1 | 20.1 | 1.9 |
| bleu3 | 18.6 | 34.1 | 17.8 | 30.5 | 13.3 | 15.2 | 1.1 |
| bleu4 | 13.9 | 24.2 | 13.6 | 24.0 | 9.8 | 11.5 | 0.6 |
| meteor | 36.4 | 60.1 | 39.8 | 51.9 | 29.7 | 28.7 | 8.0 |
| bert_f1 | 48.9 | 71.1 | 50.0 | 62.7 | 49.1 | 41.0 | 3.2 |
| similarity | 76.2 | 89.0 | 76.2 | 85.0 | 73.7 | 73.7 | 52.1 |
| context_tokens | 5008.312 | 4182.971 | 5821.872 | 1842.036 | 5624.218 | 5639.173 | 5201.900 |


### Time Information

| metrics | Overall | Single Session User | Knowledge Update | Single Session Assistant | Multi Session | Temporal Reasoning | Single Session Preference |
|---------|---------|-------------------|------------------|------------------------|---------------|-------------------|---------------------------|
| total_duration_s | 990.244 | 391.156 | 2103.348 | 272.512 | 1137.035 | 929.962 | 450.283 |
| total_duration_s_p50 | 638.511 | 363.900 | 1856.381 | 210.074 | 719.139 | 897.076 | 366.456 |
| total_duration_s_p95 | 3111.064 | 585.025 | 4047.640 | 625.753 | 2229.450 | 1610.055 | 767.957 |
| processing_durations_s | 828.774 | 310.106 | 1714.324 | 202.862 | 984.043 | 798.722 | 349.801 |
| processing_durations_s_p50 | 538.663 | 299.181 | 1517.263 | 163.875 | 633.716 | 756.635 | 294.899 |
| processing_durations_s_p95 | 2724.033 | 492.122 | 3243.520 | 467.228 | 1972.348 | 1423.093 | 610.393 |
| search_duration_s | 158.255 | 78.115 | 385.812 | 66.898 | 149.530 | 128.072 | 96.630 |
| search_duration_s_p50 | 106.170 | 71.368 | 302.006 | 50.342 | 121.118 | 108.231 | 66.650 |
| search_duration_s_p95 | 537.279 | 141.479 | 937.655 | 155.735 | 271.691 | 258.977 | 199.597 |
| response_duration_s | 3.215 | 2.936 | 3.212 | 2.751 | 3.462 | 3.168 | 3.853 |
| response_duration_s_p50 | 2.936 | 2.829 | 2.982 | 2.530 | 2.958 | 2.957 | 3.578 |
| response_duration_s_p95 | 4.933 | 4.228 | 4.803 | 3.943 | 5.706 | 5.170 | 5.664 |


### 重新跑了multi-session

| metric | multi-session |
|---|---|
| llm_judge_score | 56.06 |
| llm_judge_std | 0.0000 |
| f1 | 41.83 |
| rouge1_f | 41.00 |
| rouge2_f | 12.31 |
| rougeL_f | 40.32 |
| bleu1 | 37.63 |
| bleu2 | 29.31 |
| bleu3 | 15.38 |
| bleu4 | 11.17 |
| meteor | 36.15 |
| bert_f1 | 52.57 |
| similarity | 76.64 |
| context_tokens | 6697.6212 |



# Result of Memoryos on LME

| category | llm_judge_score | llm_judge_std | f1 | rouge1_f | rouge2_f | rougeL_f | bleu1 | bleu2 | bleu3 | bleu4 | meteor | bert_f1 | similarity | context_tokens |
|----------|----------------|---------------|----|---------|---------|---------|--------|--------|--------|--------|--------|---------|------------|----------------|
| Overall | 0.575 | 0.002 | 0.471 | 0.487 | 0.230 | 0.479 | 0.395 | 0.287 | 0.186 | 0.139 | 0.364 | 0.489 | 0.762 | 5008.312 |
| Single Session User | 0.421 | 0.000 | 0.778 | 0.775 | 0.442 | 0.768 | 0.713 | 0.521 | 0.341 | 0.242 | 0.601 | 0.711 | 0.890 | 4182.971 |
| Knowledge Update | 0.419 | 0.007 | 0.508 | 0.531 | 0.205 | 0.527 | 0.440 | 0.286 | 0.178 | 0.136 | 0.398 | 0.500 | 0.762 | 5821.872 |
| Single Session Assistant | 0.615 | 0.000 | 0.689 | 0.745 | 0.441 | 0.743 | 0.579 | 0.427 | 0.305 | 0.240 | 0.519 | 0.627 | 0.850 | 1842.036 |
| Multi Session | 0.871 | 0.000 | 0.360 | 0.358 | 0.089 | 0.352 | 0.318 | 0.251 | 0.133 | 0.098 | 0.297 | 0.491 | 0.737 | 5624.218 |
| Temporal Reasoning | 0.467 | 0.000 | 0.376 | 0.409 | 0.231 | 0.401 | 0.275 | 0.201 | 0.152 | 0.115 | 0.287 | 0.410 | 0.737 | 5639.173 |
| Single Session Preference | 0.940 | 0.008 | 0.163 | 0.131 | 0.025 | 0.090 | 0.062 | 0.019 | 0.011 | 0.006 | 0.080 | 0.032 | 0.521 | 5201.900 |


### Time Information

| category | total_duration_s | total_duration_s_p50 | total_duration_s_p95 | processing_durations_s | processing_durations_s_p50 | processing_durations_s_p95 | search_duration_s | search_duration_s_p50 | search_duration_s_p95 | response_duration_s | response_duration_s_p50 | response_duration_s_p95 |
|----------|------------------|----------------------|----------------------|------------------------|----------------------------|----------------------------|-------------------|----------------------|----------------------|---------------------|------------------------|------------------------|
| Overall | 990.244 | 638.511 | 3111.064 | 828.774 | 538.663 | 2724.033 | 158.255 | 106.170 | 537.279 | 3.215 | 2.936 | 4.933 |
| Single Session User | 391.156 | 363.900 | 585.025 | 310.106 | 299.181 | 492.122 | 78.115 | 71.368 | 141.479 | 2.936 | 2.829 | 4.228 |
| Knowledge Update | 2103.348 | 1856.381 | 4047.640 | 1714.324 | 1517.263 | 3243.520 | 385.812 | 302.006 | 937.655 | 3.212 | 2.982 | 4.803 |
| Single Session Assistant | 272.512 | 210.074 | 625.753 | 202.862 | 163.875 | 467.228 | 66.898 | 50.342 | 155.735 | 2.751 | 2.530 | 3.943 |
| Multi Session | 1137.035 | 719.139 | 2229.450 | 984.043 | 633.716 | 1972.348 | 149.530 | 121.118 | 271.691 | 3.462 | 2.958 | 5.706 |
| Temporal Reasoning | 929.962 | 897.076 | 1610.055 | 798.722 | 756.635 | 1423.093 | 128.072 | 108.231 | 258.977 | 3.168 | 2.957 | 5.170 |
| Single Session Preference | 450.283 | 366.456 | 767.957 | 349.801 | 294.899 | 610.393 | 96.630 | 66.650 | 199.597 | 3.853 | 3.578 | 5.664 |
